# generated by PrusaSlicer 2.7.0-rc2+MacOS-arm64 on 2023-11-22 at 19:40:57 UTC

[snapshot]
id = 20231122T194057Z
time_captured = 20231122T194057Z
slic3r_version_captured = 2.7.0-rc2+MacOS-arm64
comment = 
reason = upgrade

[presets]
print = 0.05mm ULTRADETAIL
sla_print = 0.025 UltraDetail
filament = 123-3D Jupiter PLA @CREALITY
sla_material = 3DJake Blue @0.025 SL1S
printer = Creality CR-10 (0.3 mm nozzle)
physical_printer = 

[Vendor:Creality]
version = 0.2.7
min_slic3r_version = 0.0.0
max_slic3r_version = 2147483647.2147483647.2147483647
model_ENDER3 = 0.4
model_ENDER3BLTOUCH = 0.4

[Vendor:PrusaResearch]
version = 1.10.5
min_slic3r_version = 2.6.1-rc2
max_slic3r_version = 2147483647.2147483647.2147483647
model_MINI = 0.4
model_MK4IS = 0.4

[Vendor:RatRig]
version = 1.0.2
min_slic3r_version = 0.0.0
max_slic3r_version = 2147483647.2147483647.2147483647
model_VC3_400 = 0.4
